$ANSIBLE_VAULT;1.1;AES256
63323166343633316363303439313038663464346135306563653666396434633833356666306632
3361333134336332623563303537393061326334323461370a363335373663323333653431313963
65643362303136666264306465353738336238396637663833643737303830353033633031373264
3231383739656363300a373966396164636633313939363439393238616664356233653530636465
64393437653730346362313362633133393434353635363966323764623133613638623336326531
36663933646534633934353162303563333163306137653135303130613838663035353063626438
36663336366362356466636565373161666134643363626237643165653733363463666435646435
34313963313135633965373666356430326634346161616637376162313364376666653036326230
36333437613939643334313963643264376562333536663061623531646630333437613863373830
36633564396532313963343763653933616333323661633661653639346632373864383839363762
39316666333165633862626135613666366366643239643265303262353332666165636534303835
38336334316362623462306538393265656465353732613430333437306365396534333038623864
64666631623663353063373737613865613939326538303430323033346631353837303863353334
33383231646334383464323138343730373038393039386430353234343238353133623135633564
61393636363232353133666533306235303838356531336135663238303334333961306137333864
32326461386262666565656466396165386630393432663465386233663837383535663462666366
34356163623736383566353534306230373536346235303764343162306337616335336637356461
32306332656239653466303266333737393436373932326135303365353837663932313535306463
64613536373735343733383037313764346362356663383738643061306235623534666131656365
36346666626237376432333134323633316630343431643062353062356536313933366265653537
37313466353430626563633861663533383161616561323833326433653063373434303863633136
31326465363134313532343337333130633237393863616662323933636131313938363261653736
65636135623532663935656234646534626234656339633831313239656465633866303833613738
65336531313165353664343063346537393634363065613462383430643433643739326363373863
62316535303066623338633536643431393461663831323737336262303634353061613339323566
65643735626463396235646134383830303238316361363734616231666135656430396463386337
33663932393363616263396432663137633630616634633330383037393064363563313231646535
38656563303536323265633732313839626166326535336263613565663062633738666661343539
64636261306333336638626562353736663435386364356334643830633463356266343962663066
38636535396130646165316236363566343531376637353761633364656630313464663331353566
38383639616139313336666530616434653038376638323130616261366164633935316565383866
35323638326465356434653038323764336535333262616662653037303666363031383366323339
32343230313439616162653332636139643137373631303861306266373038633533393935633230
38633861303934623836386539636665326135323934656366636265373162316165623536336439
65306439376439356463616132633664333338616462633336613163633437316361616336356161
66303334306435316532633034623465623133336331326663376336333265353366346233316638
33653938373631306533663461663137336537386265623530306666636639643462363931653337
38383261363930346566353863383761383361653236386535316131323262353237623739346139
61343839396530353838346662386161643733623637653135326233663730386234636639313463
37333832653736343463663239313964326534373836386234633962636363666139633834626264
38323563613163356136633961393361396433363831393530653032636332396338333539626261
39393161353266353161356331626439643663323433323835363361346231323265626563383439
64303461386562323737326436653536616331333337623932646239336364376531633832396663
63646530323066623733613538643065393163623735333439396131363335656634623939336530
63396332333639343563643833653564616662643535343334616566636637616134633862353864
65303665333661306264653735633331306235633936333432366637626361313232323961316130
39373235326138343664663435333962646466343462663431646338336232313830306563396538
30356237353138653964383034636638666463333865336133363466393538323361333439636632
31626637353663393635356563356336653932636531353965373337383238323963366633346330
61373833316332353563346636366535653733373461336239326161346437626235666565303834
33633862643334343538613739313931326331363132333633333232636561313361356162396332
63613535326362373532616663393861313431393866626362303930396238323431633737326235
38376662313630323830323162346238363434366237366534313765646361666630613832376133
38633134333632366462636138323934663136333163616631643930626330626631393963343661
63393238313937343936306262646461336533386133356531393466363433326335393533633339
31363761326636366662653738393934613566356161353133363431303264346666663433663861
36393130633965383032306438353863623031303061323566653936636231303733313563396137
34333961316162646136643431633666613162613239326431613132613637366336636265626337
63343937646664316638636365626131383338316261626131643266613432616137653366313937
39313935366134383263306262353763356132623264313261323339333261386461646662653233
64383336313637333065393361383830343037666539353039663462343734613535396633643966
36646137303435356266346337633031336463396261633563323735383665303466333230663132
36366163646466313835613637343864633536663037336133666236316631326564636664386233
61386330373733636461366366306637643861393463633537353961653065336465653361363135
38396436306237386431646639663030613038353238316536363237383038363838663933303963
38626366616264313563343731333262376335613632626632626234353436336432393439323131
64363864366534663362623961376133333063376330393065323138336134333031616138353830
61643739326565316136323962653966326563613938663732666537333561366661663731626362
66343563666237646439326430646634613163396139353732353230313631303263626135613462
38356566623036353037613734316163333734663133643438666338316631643837326432623661
31303763313136303331306434616236303961323136323765383363633032373465633733343435
32633632656438383361376238316264646534616631393764353434313132633336643737666336
63313032613364313663313636363737383832353534383330383730393361636439656562336232
66636437383239383235373666666537306364333330616166336464616461386630653261646535
38646465323838343932396339346563653061333737313034383334653435313566613233626465
32356433646163393365333236646164306465353636666539613866393761356665383233363832
62323564326431646330306563333061376638313537643132636661316366313562633137643761
34616538316265396535666334626334353734363862666533656232616431326565336664313538
39326664643439313263666366303932373337333534656362396134333764386431393735313965
37353863313338626266663163316565363531313462663563373764333336336631343335643763
31623933333963336466373337353365626230636338343263366564376639643861356463633831
66316166383532363739333166623764316136313862346665623330626530373566386339613131
31626630656631336534636161373462343438353666356632313861633562663036343463653338
64313739613131666663663565343564343365363935646666336439336236613235316666626662
63623133633636613736333237666539383361656138363332343463386337313237636436396135
65623635613630393932636331363762336363356237333838353064666263303834633438633030
35306331666265633239633961646566623662373238343161343163396233393436333732363563
62383463613333656636363161373035666564386433383461393038366261383437636232663066
64333233346337636435636434323839343636633238346231363030623834616665366263383838
38616335616431313832636265313663643639366563396265303838383231316230393338666137
33356334343330653065653632363163393139653962306262323335396639363237643631383538
63363663393331656530633933346238356531666539623635376634643166666436333336383738
34346430393634313335643932333939373835663632313565623631313139316434373636316466
38303134333361613533343936336535373064326363626232633136326165376136343030383038
62663366626338303232653435613930623134666634616436316364343566323131363639623132
66326636613336323436613635316162373139333131663463656630343938666635326466636163
64346330633730383436666635643131306266326337303036376336343964656333623031396666
39643066363834386661623166326261373930336265626232646438313965306331396264613336
34646665356530636333623664306464396263396562366565313436653261343535633733313064
61383362623831643666383231336462376535643232303261643863663166376636353062376562
39663562363831666665613765346535386638343831613339633932366536613438366363396236
37653732666364663464316139303762663737653739353834343965346361386131636436396262
63326638336262306435643139636130373035633637383965333035346264636463356166383466
66363165663736333737353336636264323962363863666236633564633335663134376439303339
31633938613338336630386261373662646431613130303433313230306634383431366166623465
62343964376562313438343635336439633739336138346637346436333534643137653637343932
39386439333866653962323963633430333233636435353164376564383764366463376635366462
39386161346565343839316539393765316563366138663132653766343965623235396664303266
39323065633033366135333931623236653261666431636561353331336664333231316633303639
34386664383435613536363661313632323134306339663730396463613465366164386237383431
31666164633334633833666437363961326236643139636665346538363966373835366635313733
62323133643530336662393239383439366266346538623063373838396665666161343866313537
37386536646639303435323965383664363538383333396135306131666365373730363630313830
33623065376363656263653937663661363834643434373461613330393433333664623230343263
65393538633238356363343265323838373263326461343031636138323139326233303332366630
37386432383730626364333362363665383038383235383964633461623230653266386134303132
30313435653164613466656363653362663234353135613962646230643037343634633466326138
66313838613534346364663731396238326437386333623335363364343636656538383031333931
62643462656332376631373164643539323434613436303062333137346237663965383564626231
61313638383737623035343534613631626363306361613666343631356464613531313264363638
36316336313731363433633533646532656266663862333131636531653036623539356537643330
31386232376338336638343039363563363664336561306134653037343562393431383739663363
35343031303237323562623031633736623664633664323533333765343561313737613030663936
32376634636534333230343865656438653338306661383730326231396561663739353361363961
61616161303839366432363937636430316230333433356262616431633864393961616534656338
33383133653539363361316332313332363937333735336661376466376334333166333534373365
36643235313463643231613334623135666363613165343437316330653433343433366630623162
66323031303633643164366465346263376530386336656438353333306530373561353438366163
65636533613862393234363066363665313464383863383638623637333034303735393032326561
61306363626636656532623634343339316232633936653066333138373338643839363330666533
32373965326632656531626265613530393461386133646539633030306533386662663566346666
36343636613233376663613536633764326436616463363332653633366235643339343333656663
36383664636462333538356535613964333530366539643635636366623936663363633632386436
35653736313837353339303465333264656537333462383064663862633266306235393463383661
313261363837383136346432343931616232
